      0/29     8.72G       4.8      7.18      2.61      14.6        11       512     0.234     0.461     0.276     0.307      4.23      1.76      1.47
      1/29     8.72G      3.79      1.91       1.1       6.8        18       512     0.481     0.588     0.469     0.523      3.33      1.48      1.13
      2/29     8.72G      3.33      1.72     0.836      5.88        10       512     0.395     0.637      0.49     0.484      3.23       1.4      1.11
      3/29     8.72G      3.01      1.63     0.795      5.43        12       512     0.444     0.641     0.509     0.524      3.07      1.34       1.1
      4/29     8.72G      2.79      1.52     0.744      5.05         8       512      0.56     0.639     0.532     0.591      2.86      1.23      1.07
      5/29     8.72G      2.69      1.44     0.649      4.78        15       512     0.493     0.651     0.506     0.558      2.85      1.23      1.07
      6/29     8.72G      2.61      1.39      0.62      4.62        24       512     0.502     0.667     0.527     0.571      2.89      1.16      1.09
      7/29     8.72G      2.54      1.36     0.562      4.46        13       512     0.527     0.678      0.54      0.59      2.77      1.18       1.1
      8/29     8.72G      2.49      1.35      0.51      4.35        30       512     0.532     0.674     0.542      0.59      2.77      1.19      1.12
      9/29     8.72G      2.44       1.3     0.487      4.23         3       512     0.551     0.662     0.551     0.598       2.7      1.16      1.21
     10/29     8.72G      2.42      1.34     0.488      4.25        16       512     0.562     0.651     0.542     0.599      2.74      1.19      1.19
     11/29     8.72G      2.34      1.28     0.399      4.02        13       512      0.56     0.648     0.544     0.601      2.68       1.2      1.12
     12/29     8.72G      2.28      1.27     0.387      3.94         6       512      0.54      0.67     0.551     0.595      2.69       1.2      1.21
     13/29     8.72G      2.24      1.23     0.332      3.81        21       512     0.566     0.644     0.554     0.602      2.66      1.21      1.24
     14/29     8.72G      2.19      1.21     0.318      3.71         7       512     0.546     0.691     0.565     0.609      2.63       1.2       1.2
     15/29     8.72G      2.14      1.17      0.27      3.58        14       512     0.566     0.681     0.552     0.616      2.62       1.2      1.26
     16/29     8.72G       2.1      1.16     0.279      3.53        11       512     0.566     0.669     0.549     0.611      2.64      1.23      1.28
     17/29     8.72G      2.05      1.15     0.239      3.44        14       512     0.547     0.682     0.553     0.605      2.64      1.24      1.27
     18/29     8.72G      2.01      1.13     0.224      3.36        28       512     0.553     0.675     0.545     0.608      2.66      1.25      1.31
     19/29     8.72G      1.96      1.11     0.202      3.27        19       512     0.576     0.662      0.55     0.615      2.64      1.29      1.33
     20/29     8.72G      1.92      1.07     0.189      3.18        12       512     0.555     0.673     0.555     0.607      2.62      1.26      1.39
     21/29     8.72G      1.88      1.06     0.162       3.1         9       512     0.564     0.675     0.549     0.614       2.6      1.27      1.43
     22/29     8.72G      1.85      1.03     0.179      3.05         8       512     0.565     0.671      0.55     0.613      2.61      1.29      1.35
     23/29     8.72G      1.81      1.01     0.148      2.97        12       512     0.567     0.671     0.546     0.613      2.61      1.32      1.42
     24/29     8.72G      1.77         1     0.135      2.91        19       512     0.575     0.676     0.553     0.621       2.6      1.32      1.46
     25/29     8.72G      1.75     0.967      0.13      2.85         7       512     0.557     0.679     0.553     0.612      2.63      1.31      1.47
     26/29     8.72G      1.72     0.952     0.129       2.8         8       512     0.564     0.671     0.551     0.612      2.63      1.31      1.46
     27/29     8.72G      1.69     0.961     0.122      2.78        16       512     0.561     0.671     0.548     0.611      2.62      1.33      1.47
     28/29     8.72G      1.67     0.959     0.112      2.74        18       512     0.572     0.668      0.55     0.616      2.63      1.34      1.49
     29/29     8.72G      1.67     0.949     0.116      2.74        10       512      0.57     0.669     0.553     0.615      2.62      1.33      1.53
